TimeStep(state=State(key=Array([4290315425, 3525323154], dtype=uint32),
                     step_num=Array(10, dtype=int32, weak_type=True),
                     grid=Array([[[ 2,  6],
        [ 2,  6],
        [ 2,  6],
        [ 2,  6],
        [ 2,  6],
        [ 2,  6],
        [ 2,  6],
        [ 2,  6],
        [ 2,  6]],

       [[ 2,  6],
        [ 1,  7],
        [ 1,  7],
        [ 1,  7],
        [ 7,  8],
        [ 1,  7],
        [ 1,  7],
        [ 1,  7],
        [ 2,  6]],

       [[ 2,  6],
        [ 1,  7],
        [ 1,  7],
        [ 1,  7],
        [ 1,  7],
        [ 1,  7],
        [ 1,  7],
        [ 1,  7],
        [ 2,  6]],

       [[ 2,  6],
        [ 1,  7],
        [ 1,  7],
        [ 1,  7],
        [ 1,  7],
        [ 1,  7],
        [ 1,  7],
        [ 1,  7],
        [ 2,  6]],

       [[ 2,  6],
        [ 3, 10],
        [ 5, 10],
        [ 1,  7],
        [ 1,  7],
        [ 1,  7],
        [ 1,  7],
        [ 1,  7],
        [ 2,  6]],

       [[ 2,  6],
        [ 3,  6],
        [ 1,  7],
        [ 1,  7],
        [ 1,  7],
        [ 1,  7],
        [ 1,  7],
        [ 1,  7],
        [ 2,  6]],

       [[ 2,  6],
        [ 1,  7],
        [ 1,  7],
        [ 1,  7],
        [ 1,  7],
        [ 1,  7],
        [ 1,  7],
        [ 3,  4],
        [ 2,  6]],

       [[ 2,  6],
        [ 1,  7],
        [ 1,  7],
        [ 1,  7],
        [ 1,  7],
        [ 1,  7],
        [ 1,  7],
        [ 1,  7],
        [ 2,  6]],

       [[ 2,  6],
        [ 2,  6],
        [ 2,  6],
        [ 2,  6],
        [ 2,  6],
        [ 2,  6],
        [ 2,  6],
        [ 2,  6],
        [ 2,  6]]], dtype=uint8),
                     agent=AgentState(position=Array([2, 6], dtype=int32),
                                      direction=Array(1, dtype=int32),
                                      pocket=Array([0, 0], dtype=uint8)),
                     goal_encoding=Array([ 4,  3, 10,  3,  6], dtype=int32),
                     rule_encoding=Array([[0, 0, 0, 0, 0, 0, 0]], dtype=uint8),
                     carry=EnvCarry()),
         step_type=Array(1, dtype=uint8),
         reward=Array(0., dtype=float32, weak_type=True),
         discount=Array(1., dtype=float32, weak_type=True),
         observation=Array([[[254,  15,  15],
        [254,  63,  63],
        [254,  63,  63],
        ...,
        [254,  63,  63],
        [254,  63,  63],
        [254,  15,  15]],

       [[254,  63,  63],
        [255, 255, 255],
        [255, 255, 255],
        ...,
        [255, 255, 255],
        [255, 255, 255],
        [254,  63,  63]],

       [[254,  63,  63],
        [255, 255, 255],
        [255, 255, 255],
        ...,
        [255, 255, 255],
        [255, 255, 255],
        [254,  63,  63]],

       ...,

       [[ 99,  99,  99],
        [100, 100, 100],
        [ 99,  99,  99],
        ...,
        [  0,   0,   0],
        [  0,   0,   0],
        [  0,   0,   0]],

       [[ 99,  99,  99],
        [ 99,  99,  99],
        [ 99,  99,  99],
        ...,
        [  0,   0,   0],
        [  0,   0,   0],
        [  0,   0,   0]],

       [[ 99,  99,  99],
        [ 99,  99,  99],
        [ 99,  99,  99],
        ...,
        [  0,   0,   0],
        [  0,   0,   0],
        [  0,   0,   0]]], dtype=uint8))
